0.0 -999.0
1.0 -1637.0
2.0 -4007.0
3.0 -7737.0
4.0 -11207.0
5.0 -11549.0
6.0 -4647.0
7.0 14863.0
8.0 53593.0
9.0 119403.0
10.0 221401.0
11.0 369943.0
12.0 576633.0
13.0 854323.0
14.0 1217113.0
15.0 1680351.0
16.0 2260633.0
17.0 2975803.0
18.0 3844953.0
19.0 4888423.0
20.0 6127801.0
21.0 7585923.0
22.0 9286873.0
23.0 11255983.0
24.0 13519833.0
25.0 16106251.0
26.0 19044313.0
27.0 22364343.0
28.0 26097913.0
29.0 30277843.0
30.0 34938201.0
31.0 40114303.0
32.0 45842713.0
33.0 52161243.0
34.0 59108953.0
35.0 66726151.0
36.0 75054393.0
37.0 84136483.0
38.0 94016473.0
39.0 104739663.0
40.0 116352601.0
41.0 128903083.0
42.0 142440153.0
43.0 157014103.0
44.0 172676473.0
45.0 189480051.0
46.0 207478873.0
47.0 226728223.0
48.0 247284633.0
49.0 269205883.0
50.0 292551001.0
51.0 317380263.0
52.0 343755193.0
53.0 371738563.0
54.0 401394393.0
55.0 432787951.0
56.0 465985753.0
57.0 501055563.0
58.0 538066393.0
59.0 577088503.0
60.0 618193401.0
61.0 661453843.0
62.0 706943833.0
63.0 754738623.0
64.0 804914713.0
65.0 857549851.0
66.0 912723033.0
67.0 970514503.0
68.0 1031005753.0
69.0 1094279523.0
70.0 1160419801.0
71.0 1229511823.0
72.0 1301642073.0
73.0 1376898283.0
74.0 1455369433.0
75.0 1537145751.0
76.0 1622318713.0
77.0 1710981043.0
78.0 1803226713.0
79.0 1899150943.0
80.0 1998850201.0
81.0 2102422203.0
82.0 2209965913.0
83.0 2321581543.0
84.0 2437370553.0
85.0 2557435651.0
86.0 2681880793.0
87.0 2810811183.0
88.0 2944333273.0
89.0 3082554763.0
90.0 3225584601.0
91.0 3373532983.0
92.0 3526511353.0
93.0 3684632403.0
94.0 3848010073.0
95.0 4016759551.0
96.0 4190997273.0
97.0 4370840923.0
98.0 4556409433.0
99.0 4747822983.0
